000 000 000 000 000 017 017 017 017 017 017 000 000 000 000 000 
000 000 000 000 017 017 113 113 113 006 017 017 000 000 000 000 
000 000 000 017 113 006 006 113 113 006 006 017 000 000 000 000 
000 000 000 017 113 113 006 006 006 113 113 017 017 000 000 000 
000 000 017 006 006 006 006 006 006 113 113 017 017 000 000 000 
000 000 017 017 017 017 017 017 006 006 006 006 017 000 000 000 
000 000 000 017 008 007 007 017 017 017 017 017 017 000 000 000 
000 000 000 017 015 015 015 007 017 002 120 017 017 000 000 000 
000 000 000 017 015 015 015 007 017 002 120 017 000 000 000 000 
000 000 000 017 007 017 007 007 017 002 120 017 017 000 000 000 
000 000 000 017 017 120 017 017 002 002 120 017 017 000 000 000 
000 000 000 017 120 002 002 002 002 120 120 017 017 000 000 000 
000 000 000 000 017 120 120 120 120 120 017 017 000 000 000 000 
000 000 000 000 000 017 017 017 017 017 017 000 000 000 000 000 
000 000 000 000 000 000 000 000 000 000 000 000 000 000 000 000 
000 000 000 000 000 000 000 000 000 000 000 000 000 000 000 000 

000 000 000 000 000 000 000 000 000 000 000 000 000 000 000 000 
000 000 000 000 000 000 000 000 000 000 000 000 000 000 000 000 
000 000 000 000 000 000 000 000 000 000 000 000 000 000 000 000 
000 000 000 000 000 017 017 017 017 017 017 000 000 000 000 000 
000 000 000 000 017 017 113 113 113 006 017 017 000 000 000 000 
000 000 000 017 113 006 006 113 113 006 006 017 000 000 000 000 
000 000 000 017 113 113 006 006 006 113 113 017 017 000 000 000 
000 000 017 006 006 006 006 006 006 113 113 017 017 000 000 000 
000 000 017 017 017 017 017 017 006 006 006 006 017 000 000 000 
000 000 000 017 008 007 007 017 017 017 017 017 017 000 000 000 
000 000 000 017 015 015 015 007 017 002 120 017 000 000 000 000 
000 000 000 017 007 017 007 007 017 002 120 017 017 000 000 000 
000 000 000 017 017 120 017 017 002 120 120 017 017 000 000 000 
000 000 000 017 017 120 120 120 120 120 017 017 017 000 000 000 
000 000 000 000 017 017 017 017 017 017 017 017 000 000 000 000 
000 000 000 000 000 000 000 000 000 000 000 000 000 000 000 000 

000 000 000 000 000 000 000 000 000 000 000 000 000 000 000 000 
000 000 000 000 000 000 000 000 000 000 000 000 000 000 000 000 
000 000 000 000 000 000 000 000 000 000 000 000 000 000 000 000 
000 000 000 000 000 000 000 000 000 000 000 000 000 000 000 000 
000 000 000 000 000 017 017 017 017 017 017 000 000 000 000 000 
000 000 000 000 017 017 113 113 113 006 017 017 000 000 000 000 
000 000 000 017 113 006 006 113 113 006 006 017 000 000 000 000 
000 000 000 017 113 113 006 006 006 113 113 017 017 000 000 000 
000 000 017 006 006 006 006 006 006 113 113 017 017 000 000 000 
000 000 017 017 017 017 017 017 006 006 006 006 017 000 000 000 
000 000 000 017 008 007 007 017 017 017 017 017 017 000 000 000 
000 000 000 017 007 015 015 007 017 002 120 017 017 000 000 000 
000 000 000 017 017 017 017 017 002 120 120 017 017 000 000 000 
000 000 000 017 017 120 120 120 120 120 017 017 017 000 000 000 
000 000 000 000 017 017 017 017 017 017 017 017 000 000 000 000 
000 000 000 000 000 000 000 000 000 000 000 000 000 000 000 000 

000 000 000 000 000 000 000 000 000 000 000 000 000 000 000 000 
000 000 000 000 000 017 017 017 017 017 017 000 000 000 000 000 
000 000 000 000 017 017 113 113 113 006 017 017 000 000 000 000 
000 000 000 017 113 006 006 113 113 006 006 017 000 000 000 000 
000 000 000 017 113 113 006 006 006 113 113 017 017 000 000 000 
000 000 017 006 006 006 006 006 006 113 113 017 017 000 000 000 
000 000 017 017 017 017 017 017 006 006 006 006 017 000 000 000 
000 000 000 017 008 007 007 017 017 017 017 017 017 000 000 000 
000 000 000 017 015 015 015 007 017 002 120 017 017 000 000 000 
000 000 000 017 007 017 007 007 017 002 120 017 000 000 000 000 
000 000 000 017 017 120 017 017 002 002 120 017 000 000 000 000 
000 000 000 017 002 002 002 002 002 002 120 017 000 000 000 000 
000 000 000 017 120 002 002 002 002 120 017 017 000 000 000 000 
000 000 000 017 017 120 120 120 120 017 017 017 000 000 000 000 
000 000 000 000 017 017 017 017 017 017 017 000 000 000 000 000 
000 000 000 000 000 000 000 000 000 000 000 000 000 000 000 000 

000 000 000 000 000 017 017 017 017 017 017 000 000 000 000 000 
000 000 000 000 017 017 113 113 113 006 017 017 000 000 000 000 
000 000 000 017 113 006 006 113 113 006 006 017 000 000 000 000 
000 000 000 017 113 113 006 006 006 113 113 017 017 000 000 000 
000 000 017 006 006 006 006 006 006 113 113 017 017 000 000 000 
000 000 017 017 017 017 017 017 006 006 006 006 017 000 000 000 
000 000 000 017 008 007 007 017 017 017 017 017 017 000 000 000 
000 000 000 017 015 015 015 007 017 002 120 017 017 000 000 000 
000 000 000 017 007 017 007 007 017 002 120 017 000 000 000 000 
000 000 000 017 017 120 017 017 002 002 120 017 000 000 000 000 
000 000 000 000 017 002 002 002 002 002 120 017 000 000 000 000 
000 000 000 000 017 002 002 002 002 002 120 017 000 000 000 000 
000 000 000 000 017 120 002 002 002 120 017 017 000 000 000 000 
000 000 000 000 000 017 120 120 120 017 017 000 000 000 000 000 
000 000 000 000 000 000 017 017 017 017 000 000 000 000 000 000 
000 000 000 000 000 000 000 000 000 000 000 000 000 000 000 000 





