117 117 117 117 117 116 117 117 117 116 116 117 117 116 116 117  
117 116 116 116 116 117 117 116 117 117 117 117 117 117 117 117  
117 117 117 117 117 117 117 117 117 116 117 117 117 117 116 116  
117 116 116 117 117 117 117 117 117 117 116 116 117 117 117 117  
117 117 117 116 117 117 116 116 116 117 117 117 117 117 117 117  
117 117 117 116 116 116 116 117 117 116 117 117 117 117 117 117  
116 116 117 117 116 116 117 117 117 117 117 116 117 116 116 117  
116 117 117 116 116 116 117 117 117 116 116 117 117 117 117 117  
117 117 117 117 117 117 117 117 117 117 117 117 117 117 116 116  
117 116 117 116 116 117 117 117 116 116 117 117 117 117 117 117  
117 117 117 117 117 117 117 116 117 116 116 116 116 116 117 117  
116 116 117 117 117 117 117 117 117 117 116 116 116 117 117 117  
117 116 116 116 117 116 117 117 117 116 116 116 117 117 117 116  
117 117 117 117 117 117 117 117 116 117 116 116 117 117 116 116  
117 116 116 117 117 116 116 117 117 117 117 117 117 117 117 117  
117 117 117 116 117 117 117 117 117 117 117 117 116 116 117 117  


