117 117 117 117 117 116 117 117 117 116 116 117 117 116 116 117
117 116 116 116 116 117 117 116 117 117 117 117 117 117 117 117
117 117 117 117 117 117 117 117 117 116 117 117 117 117 116 116
117 116 116 117 117 117 117 117 117 117 116 116 117 117 117 117
116 116 116 116 116 116 191 191 191 191 191 116 116 117 117 116
116 116 116 116 116 191 007 007 007 007 007 191 116 116 116 116
116 116 116 116 191 191 007 007 007 007 007 007 191 116 116 116
116 191 191 191 007 007 007 007 007 007 007 007 191 191 116 116
191 191 007 008 007 007 007 007 007 007 008 007 007 007 191 116
191 007 007 008 008 007 007 007 008 007 007 008 007 007 008 191
191 007 007 007 008 008 007 007 007 007 007 007 007 008 008 191
191 191 007 007 007 007 008 007 007 007 008 008 008 008 008 191
116 191 191 007 007 007 007 007 008 008 008 008 008 008 191 191
116 116 191 191 007 007 007 008 008 008 008 008 191 191 191 116
116 116 116 191 007 007 007 008 008 008 191 191 116 116 116 116
116 116 116 116 191 191 191 191 191 191 116 116 116 116 116 116
