116 116 116 116 116 116 116 116 116 116 116 116 116 116 116 116
116 117 116 117 116 117 116 117 116 117 116 117 116 117 116 116
116 116 117 117 117 117 117 117 117 117 117 117 117 117 117 116
116 117 117 117 117 117 117 117 117 117 120 117 117 117 116 116
116 116 117 117 117 117 117 117 120 117 120 117 117 117 117 116
116 117 117 117 117 117 117 117 117 120 117 120 117 117 116 116
116 116 117 120 117 117 117 117 120 120 120 117 117 117 117 116
116 117 117 120 117 117 117 117 120 120 117 117 117 117 116 116
116 116 117 117 120 117 117 117 117 117 117 117 117 117 117 116
116 117 120 117 120 117 117 117 117 117 117 117 117 117 116 116
116 116 117 120 120 117 120 117 117 117 117 117 117 117 117 116
116 117 117 120 120 120 117 117 117 117 117 117 117 117 116 116
116 116 117 117 120 120 117 117 117 117 117 117 117 117 117 116
116 117 117 117 117 117 117 117 117 117 117 117 117 117 116 116
116 116 117 116 117 116 117 116 117 116 117 116 117 116 117 116
116 116 116 116 116 116 116 116 116 116 116 116 116 116 116 116

